                                                                                                                        
                                                                                                                        
                                                                                                                        
                                                                                                                        
                                                                                                                        
                                                     [38;2;49;95;125m▄[0m[48;2;0;52;90m[38;2;202;212;220m▀[0m[48;2;1;60;96m[38;2;205;216;223m▀▀▀▀▀▀▀▀▀▀▀[0m[48;2;0;49;88m[38;2;205;214;222m▀[0m[38;2;88;127;151m▄[0m                                                    
                                                   [38;2;158;180;194m▄[0m[48;2;0;49;87m[38;2;97;134;156m▀[0m[48;2;8;65;100m[38;2;0;47;86m▀[0m[48;2;4;62;98m[38;2;8;66;101m▀[0m[48;2;4;62;98m[38;2;5;62;98m▀▀▀▀▀▀▀▀▀▀▀▀[0m[48;2;6;62;98m[38;2;0;47;86m▀[0m[48;2;5;59;95m[38;2;138;165;182m▀[0m[38;2;203;215;222m▄[0m                                                  
                                  [38;2;211;219;233m▄[0m[38;2;168;185;207m▄[0m[38;2;130;156;179m▄[0m[38;2;102;137;151m▄[0m[38;2;85;127;128m▄[0m[38;2;75;123;112m▄[0m[48;2;71;123;101m[38;2;225;230;242m▀[0m[48;2;71;126;93m[38;2;213;221;236m▀[0m[48;2;71;129;87m[38;2;207;215;232m▀▀▀[0m[48;2;77;132;93m[38;2;215;222;237m▀[0m[48;2;82;133;102m[38;2;227;231;244m▀[0m[38;2;83;131;115m▄[0m[38;2;89;132;133m▄[0m[38;2;98;138;142m▄[0m[48;2;70;117;123m[38;2;224;230;239m▀[0m[48;2;6;63;92m[38;2;12;66;103m▀[0m[48;2;0;55;101m[38;2;6;62;96m▀[0m[48;2;3;61;98m[38;2;6;63;99m▀▀▀▀▀▀▀[0m[48;2;0;53;91m[38;2;7;64;100m▀[0m[48;2;5;63;98m[38;2;4;62;98m▀▀▀▀▀▀▀[0m[48;2;8;66;101m[38;2;1;55;92m▀[0m[48;2;0;48;86m[38;2;41;89;120m▀[0m[38;2;92;130;153m▄[0m                                                 
                            [38;2;196;209;218m▄[0m[38;2;93;125;158m▄[0m[38;2;33;81;111m▄[0m[48;2;37;95;83m[38;2;166;183;205m▀[0m[48;2;68;134;70m[38;2;99;131;161m▀[0m[48;2;92;165;64m[38;2;60;105;123m▀[0m[48;2;97;179;62m[38;2;51;105;95m▀[0m[48;2;92;180;59m[38;2;60;121;78m▀[0m[48;2;83;176;57m[38;2;75;142;68m▀[0m[48;2;73;168;57m[38;2;89;160;63m▀[0m[48;2;69;165;56m[38;2;96;171;61m▀[0m[48;2;68;165;55m[38;2;98;176;60m▀▀[0m[48;2;69;168;50m[38;2;97;180;59m▀[0m[48;2;63;123;98m[38;2;111;186;69m▀[0m[48;2;110;136;166m[38;2;124;183;85m▀[0m[48;2;46;92;120m[38;2;129;193;84m▀[0m[48;2;115;168;123m[38;2;103;185;60m▀[0m[48;2;71;167;56m[38;2;100;180;59m▀[0m[48;2;64;161;55m[38;2;105;180;63m▀[0m[48;2;69;165;56m[38;2;107;175;65m▀[0m[48;2;74;168;58m[38;2;107;173;66m▀[0m[48;2;84;171;61m[38;2;119;180;71m▀[0m[48;2;116;187;68m[38;2;126;181;81m▀[0m[48;2;138;199;73m[38;2;66;123;88m▀[0m[48;2;105;163;81m[38;2;4;61;98m▀[0m[48;2;63;122;87m[38;2;0;52;100m▀[0m[48;2;49;111;87m[38;2;0;53;100m▀[0m[48;2;30;89;93m[38;2;0;56;99m▀[0m[48;2;8;65;100m[38;2;4;62;98m▀[0m[48;2;0;50;89m[38;2;4;62;98m▀[0m[48;2;75;116;141m[38;2;4;62;98m▀[0m[38;2;60;105;132m▀[0m[48;2;78;119;143m[38;2;2;61;97m▀[0m[48;2;0;49;88m[38;2;4;63;98m▀[0m[48;2;7;65;101m[38;2;4;62;98m▀[0m[48;2;4;62;98m[38;2;4;62;98m▀▀▀▀▀[0m[48;2;5;63;99m[38;2;8;65;100m▀[0m[48;2;4;60;96m[38;2;0;50;88m▀[0m[48;2;11;64;100m[38;2;158;181;194m▀[0m[38;2;213;222;228m▄[0m                                               
                         [38;2;140;167;181m▄[0m[48;2;5;53;99m[38;2;207;219;224m▀[0m[48;2;23;79;85m[38;2;74;111;143m▀[0m[48;2;93;164;73m[38;2;10;61;95m▀[0m[48;2;90;179;60m[38;2;46;107;77m▀[0m[48;2;71;167;55m[38;2;90;162;69m▀[0m[48;2;71;167;54m[38;2;96;180;62m▀[0m[48;2;76;172;54m[38;2;82;174;58m▀[0m[48;2;77;173;54m[38;2;70;165;56m▀[0m[48;2;72;168;54m[38;2;67;163;55m▀[0m[48;2;62;158;55m[38;2;66;160;57m▀[0m[48;2;48;134;66m[38;2;65;156;60m▀[0m[48;2;51;133;71m[38;2;75;170;54m▀[0m[48;2;76;169;58m[38;2;72;166;56m▀[0m[48;2;74;168;57m[38;2;65;155;61m▀[0m[48;2;66;154;64m[38;2;53;137;68m▀[0m[48;2;36;110;81m[38;2;66;157;59m▀[0m[48;2;35;108;80m[38;2;62;152;61m▀[0m[48;2;52;136;66m[38;2;34;103;88m▀[0m[48;2;66;156;61m[38;2;8;74;86m▀[0m[48;2;68;166;50m[38;2;81;142;102m▀[0m[48;2;73;170;53m[38;2;84;174;63m▀[0m[48;2;84;176;56m[38;2;78;166;59m▀[0m[48;2;95;181;60m[38;2;88;171;64m▀[0m[48;2;86;177;56m[38;2;77;166;59m▀[0m[48;2;76;173;52m[38;2;68;163;55m▀[0m[48;2;64;153;61m[38;2;52;141;64m▀[0m[48;2;64;156;59m[38;2;60;143;67m▀[0m[48;2;67;162;56m[38;2;92;181;56m▀[0m[48;2;52;139;65m[38;2;79;164;62m▀[0m[48;2;42;123;72m[38;2;54;131;73m▀[0m[48;2;34;108;81m[38;2;87;176;58m▀[0m[48;2;0;46;94m[38;2;11;71;91m▀[0m[48;2;151;173;192m[38;2;10;63;101m▀[0m[38;2;215;224;227m▀[0m [38;2;229;235;237m▀[0m[48;2;170;190;200m[38;2;28;79;111m▀[0m[48;2;0;50;88m[38;2;3;58;95m▀[0m[48;2;7;65;100m[38;2;6;63;99m▀▀▀▀▀▀▀[0m[48;2;8;66;101m[38;2;0;53;91m▀[0m[48;2;0;47;86m[38;2;50;96;126m▀[0m[38;2;110;144;164m▄[0m                                              
                       [38;2;157;180;193m▄[0m[48;2;0;42;85m[38;2;112;146;164m▀[0m[48;2;22;80;98m[38;2;0;39;86m▀[0m[48;2;75;165;60m[38;2;27;93;86m▀[0m[48;2;71;169;52m[38;2;92;175;65m▀[0m[48;2;74;168;56m[38;2;72;168;54m▀[0m[48;2;46;128;69m[38;2;72;170;53m▀[0m[48;2;21;88;86m[38;2;75;170;55m▀[0m[48;2;56;103;108m[38;2;52;143;60m▀[0m[48;2;107;142;121m[38;2;36;121;67m▀[0m[48;2;152;177;131m[38;2;27;103;78m▀[0m[48;2;175;197;135m[38;2;32;97;88m▀[0m[48;2;100;136;118m[38;2;55;110;100m▀[0m[48;2;10;62;93m[38;2;37;94;101m▀[0m[48;2;38;86;117m[38;2;0;50;94m▀[0m[48;2;129;156;179m[38;2;1;69;80m▀[0m[48;2;177;191;211m[38;2;34;117;65m▀[0m[48;2;132;163;174m[38;2;51;148;47m▀[0m[48;2;82;137;119m[38;2;62;160;47m▀[0m[48;2;63;140;79m[38;2;48;133;66m▀[0m[48;2;49;138;56m[38;2;24;90;89m▀[0m[48;2;46;135;57m[38;2;13;73;95m▀[0m[48;2;47;128;72m[38;2;10;71;96m▀[0m[48;2;36;112;78m[38;2;15;79;91m▀[0m[48;2;30;102;82m[38;2;19;87;87m▀[0m[48;2;27;97;84m[38;2;21;92;84m▀▀▀[0m[48;2;66;157;59m[38;2;40;117;75m▀[0m[48;2;28;98;83m[38;2;36;111;78m▀[0m[48;2;0;53;102m[38;2;12;73;94m▀[0m[48;2;8;66;97m[38;2;32;102;84m▀[0m[48;2;8;65;94m[38;2;50;128;77m▀[0m[48;2;52;125;83m[38;2;50;133;67m▀[0m[48;2;82;178;55m[38;2;61;131;92m▀[0m[48;2;101;178;89m[38;2;216;233;214m▀[0m[38;2;184;219;178m▄[0m[38;2;222;237;219m▄[0m  [38;2;98;134;156m▀[0m[48;2;37;86;117m[38;2;0;48;87m▀[0m[48;2;0;54;92m[38;2;7;65;101m▀[0m[48;2;7;64;99m[38;2;4;62;98m▀▀▀▀▀▀▀[0m[48;2;0;57;96m[38;2;0;52;90m▀[0m[48;2;7;64;103m[38;2;162;183;195m▀[0m[38;2;137;163;185m▄[0m[38;2;146;170;192m▄▄[0m[38;2;150;172;195m▄[0m[38;2;155;176;198m▄[0m[38;2;165;184;204m▄[0m[38;2;187;201;217m▄[0m[38;2;211;219;230m▄[0m                                     
                       [48;2;27;81;111m[38;2;49;97;125m▀[0m[48;2;0;51;98m[38;2;2;46;94m▀[0m[48;2;52;136;69m[38;2;54;123;82m▀[0m[48;2;69;162;58m[38;2;87;180;54m▀[0m[48;2;2;58;94m[38;2;60;150;62m▀[0m[48;2;71;112;116m[38;2;14;80;86m▀[0m[48;2;185;217;118m[38;2;39;89;99m▀[0m[48;2;172;211;105m[38;2;137;169;122m▀[0m[48;2;143;193;100m[38;2;203;222;138m▀[0m[48;2;140;196;97m[38;2;217;233;142m▀[0m[48;2;52;106;103m[38;2;195;216;136m▀[0m[48;2;0;35;86m[38;2;55;101;107m▀[0m[48;2;94;132;152m[38;2;0;49;93m▀[0m[38;2;130;157;176m▀[0m     [38;2;222;224;240m▀[0m[38;2;190;202;217m▀[0m[48;2;63;105;136m[38;2;112;149;157m▀[0m[48;2;0;49;95m[38;2;18;80;81m▀[0m[48;2;1;56;102m[38;2;32;103;84m▀[0m[48;2;0;53;101m[38;2;35;110;78m▀[0m[48;2;0;53;102m[38;2;39;115;76m▀▀▀[0m[48;2;0;56;101m[38;2;25;95;85m▀[0m[48;2;4;62;98m[38;2;5;63;98m▀▀[0m[48;2;0;46;86m[38;2;6;64;99m▀[0m[48;2;99;135;156m[38;2;0;50;91m▀[0m[38;2;167;183;203m▀[0m[38;2;222;238;220m▀[0m[38;2;177;214;174m▀[0m[38;2;230;240;229m▀[0m [38;2;221;228;233m▄[0m[38;2;176;192;208m▄[0m[38;2;126;153;179m▄[0m[48;2;81;118;152m[38;2;207;219;221m▀[0m[48;2;7;63;103m[38;2;8;61;96m▀[0m[48;2;10;67;97m[38;2;3;61;98m▀[0m[48;2;29;85;96m[38;2;0;57;99m▀[0m[48;2;49;105;92m[38;2;0;54;99m▀[0m[48;2;68;124;89m[38;2;0;52;99m▀[0m[48;2;81;138;86m[38;2;0;53;99m▀[0m[48;2;96;155;82m[38;2;0;57;99m▀[0m[48;2;106;168;78m[38;2;6;63;98m▀[0m[48;2;109;174;74m[38;2;14;71;98m▀[0m[48;2;110;179;72m[38;2;20;76;96m▀[0m[48;2;113;184;71m[38;2;13;73;85m▀[0m[48;2;113;187;69m[38;2;24;83;83m▀[0m[48;2;110;187;67m[38;2;32;92;82m▀▀▀[0m[48;2;104;184;65m[38;2;34;93;84m▀[0m[48;2;102;182;65m[38;2;32;90;89m▀[0m[48;2;99;177;65m[38;2;32;87;97m▀[0m[48;2;91;167;66m[38;2;37;87;109m▀[0m[48;2;74;147;67m[38;2;56;99;131m▀[0m[48;2;47;116;71m[38;2;101;132;164m▀[0m[48;2;19;81;83m[38;2;170;186;205m▀[0m[38;2;25;74;112m▄[0m[38;2;103;133;160m▄[0m[38;2;215;225;229m▄[0m                              
                       [48;2;140;167;183m[38;2;49;98;125m▀[0m[48;2;0;45;84m[38;2;2;47;95m▀[0m[48;2;11;68;103m[38;2;38;112;81m▀[0m[48;2;0;53;98m[38;2;25;97;82m▀[0m[48;2;50;103;100m[38;2;18;67;106m▀[0m[48;2;177;211;114m[38;2;194;215;137m▀[0m[48;2;172;205;118m[38;2;206;222;143m▀[0m[48;2;172;206;117m[38;2;197;215;141m▀[0m[48;2;164;204;114m[38;2;203;220;140m▀[0m[48;2;135;181;109m[38;2;173;203;126m▀[0m[48;2;15;72;99m[38;2;18;76;99m▀[0m[48;2;6;67;97m[38;2;2;52;93m▀[0m[48;2;0;58;90m[38;2;54;99;129m▀[0m[38;2;51;91;133m▄[0m[38;2;175;191;207m▄[0m    [38;2;145;170;185m▄[0m[48;2;0;49;87m[38;2;88;127;150m▀[0m[48;2;8;65;100m[38;2;0;45;84m▀[0m[48;2;4;62;98m[38;2;8;66;100m▀[0m[48;2;4;62;98m[38;2;5;63;97m▀▀▀▀▀▀▀[0m[48;2;0;49;94m[38;2;3;57;93m▀[0m[48;2;41;89;128m[38;2;49;96;123m▀[0m[38;2;62;105;139m▄[0m[48;2;23;75;105m[38;2;230;235;238m▀[0m[48;2;21;78;90m[38;2;181;197;210m▀[0m[48;2;38;97;81m[38;2;132;158;182m▀[0m[48;2;65;125;77m[38;2;89;124;156m▀[0m[48;2;93;153;75m[38;2;49;95;128m▀[0m[48;2;111;175;74m[38;2;24;77;103m▀[0m[48;2;120;188;72m[38;2;24;82;87m▀[0m[48;2;116;190;68m[38;2;42;101;80m▀[0m[48;2;102;185;63m[38;2;66;126;77m▀[0m[48;2;86;176;58m[38;2;98;157;81m▀[0m[48;2;75;169;56m[38;2;111;174;77m▀[0m[48;2;68;165;55m[38;2;115;183;71m▀[0m[48;2;65;163;55m[38;2;111;186;66m▀[0m[48;2;65;162;55m[38;2;103;184;63m▀[0m[48;2;66;162;55m[38;2;94;181;60m▀[0m[48;2;67;163;56m[38;2;86;176;58m▀[0m[48;2;69;164;56m[38;2;78;171;56m▀[0m[48;2;69;164;57m[38;2;73;168;55m▀▀[0m[48;2;71;165;57m[38;2;67;164;55m▀▀▀▀▀▀▀▀▀[0m[48;2;70;163;57m[38;2;75;172;55m▀[0m[48;2;69;163;57m[38;2;82;177;57m▀▀[0m[48;2;77;174;54m[38;2;50;137;64m▀[0m[48;2;70;162;62m[38;2;0;63;81m▀[0m[48;2;10;71;93m[38;2;9;58;100m▀[0m[48;2;0;45;87m[38;2;150;175;189m▀[0m[38;2;156;179;192m▄[0m                            
                        [38;2;61;106;133m▀[0m[48;2;61;103;131m[38;2;0;49;86m▀[0m[48;2;0;46;85m[38;2;4;61;101m▀[0m[48;2;2;58;98m[38;2;38;90;103m▀[0m[48;2;142;173;127m[38;2;190;216;127m▀[0m[48;2;215;232;139m[38;2;178;208;122m▀[0m[48;2;196;216;137m[38;2;174;207;118m▀[0m[48;2;197;215;138m[38;2;157;199;112m▀[0m[48;2;199;220;136m[38;2;178;211;123m▀[0m[48;2;134;180;107m[38;2;67;109;115m▀[0m[48;2;1;59;92m[38;2;2;58;94m▀[0m[48;2;7;74;87m[38;2;60;144;69m▀[0m[48;2;67;161;59m[38;2;27;105;71m▀[0m[48;2;76;172;56m[38;2;1;65;85m▀[0m[48;2;56;148;57m[38;2;32;82;115m▀[0m[48;2;39;128;57m[38;2;77;114;149m▀[0m[48;2;12;88;71m[38;2;120;148;174m▀[0m[48;2;0;47;89m[38;2;128;158;175m▀[0m[48;2;5;64;97m[38;2;7;64;100m▀[0m[48;2;3;62;99m[38;2;4;61;97m▀[0m[48;2;0;57;99m[38;2;6;64;98m▀▀▀▀[0m[48;2;20;78;96m[38;2;0;58;99m▀[0m[48;2;48;104;92m[38;2;0;54;99m▀[0m[48;2;79;135;87m[38;2;0;53;99m▀[0m[48;2;106;162;83m[38;2;0;58;98m▀[0m[48;2;121;181;77m[38;2;15;72;96m▀[0m[48;2;123;189;71m[38;2;40;97;94m▀[0m[48;2;117;190;68m[38;2;61;119;84m▀[0m[48;2;103;184;64m[38;2;84;142;76m▀[0m[48;2;84;173;59m[38;2;113;172;77m▀[0m[48;2;71;166;56m[38;2;123;187;74m▀[0m[48;2;65;163;55m[38;2;119;191;70m▀[0m[48;2;65;162;55m[38;2;106;186;65m▀[0m[48;2;67;164;55m[38;2;90;178;60m▀[0m[48;2;70;165;56m[38;2;76;170;57m▀[0m[48;2;71;165;57m[38;2;68;164;55m▀▀▀▀[0m[48;2;74;170;54m[38;2;69;164;56m▀▀[0m[48;2;77;175;53m[38;2;71;165;57m▀▀[0m[48;2;69;162;58m[38;2;72;167;56m▀[0m[48;2;62;152;61m[38;2;73;169;55m▀[0m[48;2;54;140;67m[38;2;75;172;54m▀[0m[48;2;44;124;73m[38;2;76;173;53m▀[0m[48;2;34;109;79m[38;2;76;173;53m▀[0m[48;2;26;96;84m[38;2;75;172;54m▀[0m[48;2;20;86;88m[38;2;73;170;55m▀[0m[48;2;16;81;90m[38;2;72;167;56m▀▀[0m[48;2;12;75;92m[38;2;70;164;57m▀[0m[48;2;16;79;93m[38;2;69;163;57m▀[0m[48;2;24;86;93m[38;2;69;164;55m▀[0m[48;2;14;82;87m[38;2;74;170;55m▀[0m[48;2;26;98;81m[38;2;76;174;53m▀[0m[48;2;45;126;73m[38;2;76;173;53m▀[0m[48;2;64;156;60m[38;2;73;168;55m▀[0m[48;2;75;172;54m[38;2;70;165;57m▀[0m[48;2;68;162;57m[38;2;69;163;58m▀[0m[48;2;81;177;53m[38;2;77;174;53m▀[0m[48;2;37;110;80m[38;2;40;115;80m▀[0m[48;2;2;55;101m[38;2;1;50;97m▀[0m[48;2;10;68;101m[38;2;25;79;110m▀[0m[38;2;225;231;235m▄[0m                           
                          [38;2;111;143;163m▀[0m[48;2;32;81;113m[38;2;9;61;99m▀[0m[48;2;0;54;96m[38;2;9;66;97m▀[0m[48;2;0;51;101m[38;2;103;152;99m▀[0m[48;2;34;82;108m[38;2;172;209;109m▀[0m[48;2;88;128;119m[38;2;183;218;112m▀[0m[48;2;123;156;126m[38;2;158;205;104m▀[0m[48;2;138;167;131m[38;2;159;209;104m▀[0m[48;2;143;172;130m[38;2;166;201;122m▀[0m[48;2;134;167;126m[38;2;69;111;114m▀[0m[48;2;60;105;113m[38;2;18;73;98m▀[0m[48;2;0;45;101m[38;2;32;104;82m▀[0m[48;2;0;56;100m[38;2;52;135;70m▀[0m[48;2;17;74;97m[38;2;64;154;63m▀[0m[48;2;39;95;94m[38;2;18;86;90m▀[0m[48;2;69;125;89m[38;2;0;51;104m▀[0m[48;2;96;152;85m[38;2;0;56;99m▀[0m[48;2;117;174;80m[38;2;7;65;97m▀[0m[48;2;128;188;75m[38;2;26;84;95m▀[0m[48;2;124;191;70m[38;2;53;110;91m▀[0m[48;2;110;187;65m[38;2;84;139;87m▀[0m[48;2;92;177;61m[38;2;110;166;82m▀[0m[48;2;77;169;58m[38;2;124;184;76m▀[0m[48;2;68;164;56m[38;2;125;191;71m▀[0m[48;2;65;162;55m[38;2;113;188;66m▀[0m[48;2;66;163;55m[38;2;96;179;62m▀[0m[48;2;69;165;56m[38;2;79;170;58m▀[0m[48;2;71;165;56m[38;2;69;164;56m▀▀▀▀▀[0m[48;2;75;172;53m[38;2;71;165;57m▀▀▀[0m[48;2;68;159;60m[38;2;73;168;55m▀[0m[48;2;54;138;69m[38;2;75;172;54m▀[0m[48;2;37;113;77m[38;2;76;174;53m▀[0m[48;2;21;89;87m[38;2;75;172;54m▀[0m[48;2;0;64;90m[38;2;72;165;58m▀[0m[48;2;0;50;96m[38;2;62;150;64m▀[0m[48;2;0;52;100m[38;2;47;128;72m▀[0m[48;2;18;69;105m[38;2;31;107;77m▀[0m[48;2;41;89;108m[38;2;13;82;85m▀[0m[48;2;0;57;98m[38;2;11;73;94m▀[0m[48;2;3;61;98m[38;2;5;64;97m▀[0m[48;2;5;63;98m[38;2;1;58;100m▀▀▀▀▀▀▀▀[0m[48;2;0;54;96m[38;2;12;66;101m▀[0m[48;2;65;112;110m[38;2;152;181;129m▀[0m[48;2;145;178;125m[38;2;179;202;135m▀[0m[48;2;26;79;101m[38;2;52;97;111m▀[0m[48;2;3;61;96m[38;2;0;47;99m▀[0m[48;2;3;60;100m[38;2;7;66;98m▀[0m[48;2;6;63;99m[38;2;42;121;74m▀[0m[48;2;44;121;78m[38;2;79;178;51m▀[0m[48;2;9;70;96m[38;2;58;146;64m▀[0m[48;2;0;44;88m[38;2;13;71;101m▀[0m[48;2;36;84;115m[38;2;0;46;86m▀[0m[48;2;215;224;230m[38;2;63;107;134m▀[0m                            
                         [38;2;203;215;222m▄[0m[48;2;0;57;93m[38;2;60;106;132m▀[0m[48;2;3;60;101m[38;2;0;45;91m▀[0m[48;2;58;147;63m[38;2;40;112;82m▀[0m[48;2;77;176;52m[38;2;80;153;72m▀[0m[48;2;84;176;57m[38;2;59;121;83m▀[0m[48;2;99;183;61m[38;2;44;103;87m▀[0m[48;2;108;186;65m[38;2;39;97;89m▀[0m[48;2;113;187;67m[38;2;39;97;90m▀▀[0m[48;2;115;189;66m[38;2;49;107;88m▀[0m[48;2;110;187;65m[38;2;71;127;87m▀[0m[48;2;102;183;63m[38;2;95;151;84m▀[0m[48;2;91;176;60m[38;2;113;170;80m▀[0m[48;2;79;170;58m[38;2;125;184;77m▀[0m[48;2;70;165;56m[38;2;127;192;72m▀[0m[48;2;65;162;55m[38;2;120;191;68m▀[0m[48;2;65;163;55m[38;2;106;184;64m▀[0m[48;2;67;164;55m[38;2;88;175;60m▀[0m[48;2;69;165;56m[38;2;76;168;57m▀[0m[48;2;71;165;57m[38;2;67;163;55m▀▀▀▀[0m[48;2;74;171;54m[38;2;71;165;57m▀▀▀[0m[48;2;71;165;57m[38;2;72;167;56m▀[0m[48;2;61;150;63m[38;2;74;170;54m▀[0m[48;2;47;127;73m[38;2;76;173;53m▀[0m[48;2;27;99;83m[38;2;76;173;53m▀[0m[48;2;7;73;90m[38;2;73;167;56m▀[0m[48;2;0;54;94m[38;2;66;157;61m▀[0m[48;2;0;48;101m[38;2;51;134;70m▀[0m[48;2;7;58;105m[38;2;30;104;79m▀[0m[48;2;32;81;106m[38;2;10;77;88m▀[0m[48;2;76;119;113m[38;2;0;56;93m▀[0m[48;2;123;159;121m[38;2;0;47;98m▀[0m[48;2;170;196;133m[38;2;0;54;101m▀[0m[48;2;112;178;86m[38;2;7;66;96m▀[0m[48;2;151;206;96m[38;2;70;113;113m▀[0m[48;2;227;241;145m[38;2;119;154;121m▀[0m[48;2;206;226;138m[38;2;157;186;127m▀[0m[48;2;175;201;132m[38;2;190;214;134m▀[0m[48;2;138;170;124m[38;2;222;239;141m▀[0m[48;2;70;115;111m[38;2;85;128;114m▀[0m[48;2;2;58;97m[38;2;0;53;96m▀[0m[48;2;5;63;98m[38;2;7;64;99m▀▀▀▀▀▀▀▀▀[0m[48;2;5;63;98m[38;2;0;56;97m▀[0m[48;2;6;64;98m[38;2;0;51;95m▀[0m[48;2;5;64;99m[38;2;0;58;97m▀[0m[48;2;0;53;91m[38;2;6;64;100m▀▀[0m[48;2;33;82;114m[38;2;0;58;94m▀[0m[48;2;109;141;161m[38;2;0;42;90m▀[0m[48;2;207;218;224m[38;2;4;58;97m▀[0m[38;2;100;134;156m▀[0m                              
                         [38;2;210;220;226m▀[0m[48;2;111;144;164m[38;2;0;57;93m▀[0m[48;2;0;43;83m[38;2;4;58;102m▀[0m[48;2;0;57;96m[38;2;42;119;77m▀[0m[48;2;39;114;81m[38;2;78;176;52m▀[0m[48;2;70;161;61m[38;2;69;165;56m▀[0m[48;2;77;173;55m[38;2;65;161;56m▀▀▀▀▀▀▀▀▀[0m[48;2;76;173;53m[38;2;70;164;57m▀▀▀[0m[48;2;69;163;57m[38;2;72;167;56m▀[0m[48;2;61;150;63m[38;2;74;170;55m▀[0m[48;2;49;133;69m[38;2;75;172;53m▀[0m[48;2;33;110;77m[38;2;76;174;53m▀[0m[48;2;12;81;86m[38;2;75;171;55m▀[0m[48;2;0;59;92m[38;2;70;162;59m▀[0m[48;2;0;45;96m[38;2;58;144;67m▀[0m[48;2;0;45;99m[38;2;42;120;76m▀[0m[48;2;7;60;103m[38;2;23;93;84m▀[0m[48;2;13;73;95m[38;2;9;71;93m▀[0m[48;2;56;113;97m[38;2;0;53;99m▀[0m[48;2;138;170;126m[38;2;0;44;98m▀[0m[48;2;177;203;132m[38;2;0;55;101m▀[0m[48;2;210;230;140m[38;2;31;81;105m▀[0m[48;2;228;242;146m[38;2;84;124;117m▀[0m[48;2;197;227;128m[38;2;72;136;88m▀[0m[48;2;131;191;81m[38;2;121;175;98m▀[0m[48;2;164;194;125m[38;2;208;225;140m▀[0m[48;2;135;167;127m[38;2;218;236;140m▀[0m[48;2;88;129;116m[38;2;219;237;141m▀[0m[48;2;46;95;107m[38;2;208;226;140m▀[0m[48;2;15;70;102m[38;2;168;198;125m▀[0m[48;2;1;57;101m[38;2;93;150;85m▀[0m[48;2;0;52;96m[38;2;83;128;110m▀[0m[48;2;0;55;96m[38;2;44;94;107m▀[0m[48;2;2;61;98m[38;2;11;67;99m▀[0m[48;2;6;64;99m[38;2;0;52;96m▀▀[0m[48;2;4;62;98m[38;2;4;63;98m▀▀▀▀▀▀▀▀▀▀▀▀[0m[48;2;2;56;93m[38;2;1;55;92m▀[0m[48;2;52;97;126m[38;2;97;133;155m▀[0m[38;2;195;208;217m▀[0m                                  
                           [38;2;148;172;187m▀[0m[38;2;27;76;110m▀[0m[48;2;155;177;190m[38;2;0;42;90m▀[0m[48;2;76;114;142m[38;2;0;57;87m▀[0m[48;2;23;72;114m[38;2;20;92;81m▀[0m[48;2;0;50;98m[38;2;41;120;75m▀[0m[48;2;1;56;100m[38;2;51;135;68m▀[0m[48;2;3;60;99m[38;2;57;144;65m▀▀▀▀▀[0m[48;2;1;57;100m[38;2;52;136;68m▀[0m[48;2;0;55;101m[38;2;44;124;73m▀[0m[48;2;0;55;101m[38;2;34;109;79m▀[0m[48;2;1;57;100m[38;2;23;91;86m▀[0m[48;2;1;57;99m[38;2;12;74;93m▀[0m[48;2;28;81;102m[38;2;4;62;98m▀[0m[48;2;66;114;110m[38;2;3;58;101m▀[0m[48;2;87;130;111m[38;2;13;65;104m▀[0m[48;2;96;138;108m[38;2;41;89;109m▀[0m[48;2;100;141;109m[38;2;75;118;114m▀[0m[48;2;91;134;107m[38;2;114;151;120m▀[0m[48;2;73;119;103m[38;2;155;185;127m▀[0m[48;2;52;102;99m[38;2;190;213;137m▀[0m[48;2;36;87;98m[38;2;170;207;118m▀[0m[48;2;21;76;96m[38;2;138;194;86m▀[0m[48;2;18;73;103m[38;2;184;210;130m▀[0m[48;2;30;81;116m[38;2;154;183;125m▀[0m[48;2;49;95;131m[38;2;111;149;114m▀[0m[48;2;82;120;152m[38;2;67;113;103m▀[0m[48;2;126;155;178m[38;2;36;87;98m▀[0m[48;2;162;183;199m[38;2;10;68;90m▀[0m[48;2;161;183;197m[38;2;0;50;87m▀[0m[48;2;139;165;181m[38;2;0;39;85m▀[0m[48;2;110;143;163m[38;2;0;38;84m▀[0m[48;2;81;121;145m[38;2;0;44;87m▀[0m[48;2;57;102;130m[38;2;0;52;90m▀[0m[48;2;37;87;118m[38;2;0;58;93m▀[0m[48;2;20;74;108m[38;2;3;61;96m▀[0m[48;2;5;63;98m[38;2;5;63;98m▀[0m[48;2;0;54;92m[38;2;7;64;99m▀[0m[48;2;0;49;88m[38;2;8;65;100m▀▀▀[0m[48;2;0;54;91m[38;2;6;64;99m▀[0m[48;2;0;58;95m[38;2;5;63;99m▀▀[0m[48;2;5;63;99m[38;2;4;62;98m▀▀▀▀▀▀▀▀▀[0m[48;2;8;66;101m[38;2;0;47;86m▀[0m[48;2;0;47;86m[38;2;68;110;137m▀[0m[38;2;102;138;160m▄[0m                                 
                                [48;2;167;188;200m[38;2;210;220;225m▀[0m[48;2;4;56;93m[38;2;46;95;123m▀[0m[48;2;6;63;99m[38;2;2;56;93m▀[0m[48;2;4;62;98m[38;2;6;64;99m▀▀▀▀▀▀▀▀▀▀[0m[48;2;0;53;91m[38;2;2;57;95m▀[0m[48;2;184;200;209m[38;2;17;72;109m▀[0m[38;2;71;113;145m▀▀[0m[38;2;89;126;158m▀[0m[38;2;109;141;170m▀[0m[38;2;130;158;182m▀[0m[38;2;156;177;196m▀[0m[38;2;196;208;221m▀[0m[38;2;226;232;237m▀[0m            [38;2;214;223;229m▀[0m[38;2;189;203;213m▀[0m[38;2;158;179;193m▀[0m[38;2;122;152;171m▀[0m[38;2;87;125;149m▀[0m[38;2;53;99;128m▀[0m[38;2;27;79;112m▀[0m[48;2;223;230;235m[38;2;10;66;101m▀[0m[48;2;53;99;128m[38;2;0;59;95m▀[0m[48;2;0;53;91m[38;2;5;63;99m▀[0m[48;2;7;64;100m[38;2;4;62;98m▀▀▀▀▀▀▀▀[0m[48;2;5;63;99m[38;2;8;65;100m▀[0m[48;2;5;61;97m[38;2;0;48;86m▀[0m[48;2;9;62;98m[38;2;153;177;191m▀[0m[38;2;205;217;224m▄[0m                               
                               [48;2;45;92;122m[38;2;209;219;226m▀[0m[48;2;1;55;92m[38;2;8;61;97m▀[0m[48;2;8;65;101m[38;2;3;59;95m▀[0m[48;2;5;63;98m[38;2;5;63;99m▀▀▀▀▀▀▀▀▀[0m[48;2;0;54;92m[38;2;8;66;101m▀[0m[48;2;40;89;120m[38;2;0;48;87m▀[0m[38;2;108;143;164m▀[0m                             [38;2;197;210;218m▀[0m[48;2;124;155;174m[38;2;3;56;93m▀[0m[48;2;0;47;86m[38;2;6;63;98m▀[0m[48;2;8;66;101m[38;2;5;62;98m▀[0m[48;2;5;62;98m[38;2;4;62;98m▀▀▀▀▀▀▀▀[0m[48;2;8;66;101m[38;2;1;56;93m▀[0m[48;2;0;52;89m[38;2;32;81;113m▀[0m[48;2;59;103;131m[38;2;229;235;239m▀[0m                              
                             [38;2;174;192;204m▄[0m[48;2;7;58;95m[38;2;88;127;151m▀[0m[48;2;19;74;107m[38;2;0;46;85m▀[0m[48;2;16;71;105m[38;2;5;63;99m▀[0m[48;2;16;71;105m[38;2;1;59;96m▀▀▀▀▀▀▀▀▀[0m[48;2;12;61;97m[38;2;1;59;95m▀[0m[48;2;135;163;180m[38;2;5;58;95m▀[0m[38;2;197;210;218m▀[0m                                [48;2;218;226;231m[38;2;59;104;132m▀[0m[48;2;29;78;111m[38;2;0;49;88m▀[0m[48;2;15;69;104m[38;2;4;62;98m▀▀▀▀▀▀▀▀▀▀[0m[48;2;20;74;108m[38;2;0;45;84m▀[0m[48;2;6;56;94m[38;2;94;132;154m▀[0m[38;2;156;179;193m▄[0m                            
                              [38;2;231;234;238m▀▀▀▀▀▀▀▀▀▀▀▀▀[0m                                    [38;2;229;234;237m▀▀▀▀▀▀▀▀▀▀▀▀▀[0m                            
                                                                                                                        
                                                                                                                        
                                                                                                                        
                                                                                                                        
                                                                                                                        
                                                                                                                        