                                                                                                                        
                                                                                                                        
                          [38;2;165;186;199m⢀[38;2;100;133;156m⣀[38;2;102;137;159m⣀[38;2;102;137;159m⣀[38;2;102;137;159m⣀[38;2;102;137;159m⣀[38;2;105;139;160m⣀[38;2;148;170;186m⣀                                                                                      [0m
                   [38;2;215;222;236m⣀[38;2;178;193;213m⣀[38;2;162;181;201m⣀[38;2;169;187;206m⣀[38;2;199;210;227m⣀ [38;2;100;134;160m⣠[38;2;34;82;114m⣿[38;2;4;59;96m⣿[38;2;4;59;95m⣿[38;2;4;59;95m⣿[38;2;4;59;96m⣿[38;2;4;59;95m⣿[38;2;4;59;95m⣿[38;2;7;61;97m⣿[38;2;52;96;125m⣴[38;2;217;225;231m⡀                                                                                    [0m
             [38;2;135;161;180m⣀[38;2;77;119;131m⣰[38;2;101;151;121m⣼[38;2;95;156;104m⣾[38;2;92;158;97m⣿[38;2;79;155;78m⣿[38;2;75;155;68m⣿[38;2;73;155;64m⣿[38;2;81;144;89m⣿[38;2;77;140;91m⣿[38;2;81;161;66m⣿[38;2;84;159;73m⣿[38;2;81;153;73m⣿[38;2;60;126;81m⣿[38;2;33;96;87m⣿[38;2;19;81;91m⣿[38;2;41;89;119m⣿[38;2;36;85;116m⠯[38;2;7;62;98m⣿[38;2;4;62;98m⣿[38;2;4;62;98m⣿[38;2;4;61;97m⣿[38;2;31;79;112m⣽[38;2;124;154;172m⡐                                                                                   [0m
           [38;2;117;149;168m⢠[38;2;49;93;115m⣾[38;2;54;132;70m⣿[38;2;63;145;67m⣿[38;2;80;149;83m⣿[38;2;108;165;96m⣿[38;2;72;130;93m⣿[38;2;60;113;113m⣿[38;2;73;139;100m⠿[38;2;64;141;81m⠿[38;2;76;140;103m⣿[38;2;46;121;80m⣿[38;2;42;120;74m⣿[38;2;46;124;74m⣿[38;2;46;127;71m⣿[38;2;28;99;82m⣿[38;2;26;94;84m⣿[38;2;75;137;104m⣿[38;2;172;207;175m⣵[38;2;218;235;215m⠐[38;2;120;148;167m⠫[38;2;29;79;111m⣿[38;2;4;62;98m⣿[38;2;3;60;98m⣿[38;2;4;60;98m⣿[38;2;16;68;104m⣿[38;2;74;115;141m⣴[38;2;97;135;151m⣰[38;2;104;140;153m⣰[38;2;117;149;162m⣰[38;2;43;90;121m⣀[38;2;115;143;172m⣀[38;2;213;222;230m⡀                                                                            [0m
           [38;2;96;133;154m⢪[38;2;16;75;90m⣿[38;2;28;91;90m⣿[38;2;162;193;121m⣿[38;2;171;206;116m⣿[38;2;94;142;107m⣿[38;2;26;77;103m⣿[38;2;51;95;125m⣐[38;2;139;161;187m⣀[38;2;212;221;229m⣀[38;2;76;116;141m⣸[38;2;15;67;103m⣿[38;2;3;61;98m⣿[38;2;3;60;98m⣿[38;2;2;59;98m⣿[38;2;3;60;97m⣿[38;2;48;96;118m⣷[38;2;65;117;103m⣰[38;2;107;153;125m⣼[38;2;83;142;97m⣼[38;2;104;159;114m⣿[38;2;74;141;87m⣿[38;2;64;139;73m⣿[38;2;71;150;69m⣿[38;2;76;157;66m⣿[38;2;80;164;63m⣿[38;2;81;168;61m⣿[38;2;82;171;59m⣿[38;2;81;171;58m⣿[38;2;80;170;58m⣿[38;2;76;166;59m⣿[38;2;66;153;61m⣿[38;2;59;139;74m⣿[38;2;53;113;101m⣽[38;2;98;130;154m⣴                                                                          [0m
            [38;2;115;146;166m⠋[38;2;58;100;129m⣿[38;2;88;129;110m⣿[38;2;135;170;119m⣿[38;2;137;175;117m⣿[38;2;75;121;106m⣿[38;2;41;109;83m⣿[38;2;40;113;77m⣿[38;2;35;94;91m⣿[38;2;43;101;90m⣿[38;2;52;114;86m⣿[38;2;59;126;80m⣿[38;2;67;139;75m⣿[38;2;76;154;69m⣿[38;2;84;165;64m⣿[38;2;85;172;60m⣿[38;2;79;171;57m⣿[38;2;71;166;56m⣿[38;2;65;157;59m⣿[38;2;56;143;64m⣿[38;2;49;131;69m⣿[38;2;47;125;75m⣿[38;2;61;129;83m⣿[38;2;30;101;82m⣿[38;2;23;91;86m⣿[38;2;17;82;89m⣿[38;2;13;76;91m⣿[38;2;12;74;92m⣿[38;2;40;97;98m⣿[38;2;64;119;100m⣿[38;2;24;93;84m⣿[38;2;48;131;70m⣿[38;2;32;102;80m⣿[38;2;41;87;119m⡿[38;2;224;231;235m⠁                                                                         [0m
            [38;2;209;219;225m⠨[38;2;23;73;109m⣿[38;2;50;129;71m⣿[38;2;76;163;61m⣿[38;2;79;164;62m⣿[38;2;81;166;62m⣿[38;2;85;171;61m⣿[38;2;85;173;58m⣿[38;2;78;170;57m⣿[38;2;70;163;57m⣿[38;2;62;154;59m⣿[38;2;54;142;64m⣿[38;2;48;127;70m⣿[38;2;43;120;76m⣿[38;2;47;118;80m⣿[38;2;74;132;96m⣿[38;2;95;141;108m⣿[38;2;77;132;97m⣿[38;2;110;145;119m⣿[38;2;111;147;120m⣿[38;2;81;133;99m⣿[38;2;101;140;117m⣿[38;2;81;122;113m⣿[38;2;19;73;101m⣿[38;2;4;62;98m⣿[38;2;4;62;98m⣿[38;2;4;62;98m⣿[38;2;4;62;98m⣿[38;2;3;62;98m⣿[38;2;3;60;96m⣿[38;2;56;101;129m⣟[38;2;72;109;137m⠏[38;2;125;154;172m⠃                                                                           [0m
             [38;2;188;204;214m⠂[38;2;81;116;143m⠋[38;2;38;85;114m⠏[38;2;63;112;125m⣿[38;2;14;77;91m⣿[38;2;14;78;91m⣿[38;2;13;76;92m⣿[38;2;9;69;94m⣿[38;2;4;63;97m⣿[38;2;15;69;99m⣿[38;2;79;121;130m⡿[38;2;99;137;130m⠿[38;2;123;156;140m⠿[38;2;122;159;141m⠿[38;2;83;125;119m⠏[38;2;73;116;129m⠏[38;2;92;129;152m⠏[38;2;92;121;148m⠏[38;2;62;99;129m⠏[38;2;35;83;114m⠏[38;2;14;69;103m⠏[38;2;66;108;136m⠿[38;2;43;88;119m⠿[38;2;19;71;106m⠿[38;2;12;68;103m⢿[38;2;3;61;97m⣿[38;2;4;62;98m⣿[38;2;4;62;98m⣿[38;2;4;62;98m⣿[38;2;8;63;99m⣿[38;2;46;91;121m⣴[38;2;203;215;222m⡀                                                                           [0m
              [38;2;182;199;209m⢀[38;2;64;103;131m⣺[38;2;4;59;96m⣿[38;2;3;60;96m⣿[38;2;3;60;96m⣿[38;2;3;60;96m⣿[38;2;3;60;97m⣿[38;2;16;68;103m⣿[38;2;78;116;142m⠗              [38;2;194;208;216m⠂[38;2;59;101;130m⢯[38;2;4;60;96m⣿[38;2;3;60;96m⣿[38;2;3;60;96m⣿[38;2;3;60;96m⣿[38;2;3;60;96m⣿[38;2;16;67;102m⣽[38;2;96;128;151m⣐                                                                          [0m
              [38;2;213;223;228m⠂[38;2;189;202;212m⠃[38;2;189;204;213m⠃[38;2;189;204;213m⠃[38;2;189;204;213m⠃[38;2;189;204;213m⠃[38;2;189;204;213m⠃[38;2;189;202;212m⠁                 [38;2;195;208;217m⠃[38;2;189;204;213m⠃[38;2;189;204;213m⠃[38;2;189;204;213m⠃[38;2;189;204;213m⠃[38;2;189;204;213m⠃[38;2;197;208;217m⠃                                                                          [0m
                                                                                                                        
                                                                                                                        
                                                                                                                        