                                                                                                    
                                                                                                    
                     [38;2;149;174;188m⢠[38;2;57;98;127m⣼[38;2;45;90;121m⣼[38;2;45;90;121m⣼[38;2;45;90;121m⣼[38;2;45;90;121m⣼[38;2;46;89;120m⣼[38;2;76;114;140m⣐                                                                       [0m
           [38;2;180;195;210m⢀[38;2;108;139;157m⣠[38;2;90;140;114m⣰[38;2;120;170;127m⣼[38;2;97;161;99m⣼[38;2;84;157;81m⣼[38;2;84;153;82m⣼[38;2;89;142;106m⣼[38;2;91;162;83m⣼[38;2;97;162;92m⣼[38;2;76;131;96m⣿[38;2;27;85;93m⣿[38;2;12;71;95m⣿[38;2;14;68;103m⣿[38;2;18;72;106m⢿[38;2;4;61;97m⣿[38;2;4;62;98m⣿[38;2;5;61;97m⣿[38;2;68;108;135m⣵[38;2;198;211;219m⡀                                                                     [0m
         [38;2;157;180;192m⢠[38;2;75;117;130m⣾[38;2;60;135;77m⣿[38;2;67;143;72m⣿[38;2;99;164;87m⣿[38;2;76;141;88m⣿[38;2;66;126;107m⣿[38;2;68;145;82m⠿[38;2;85;151;104m⣿[38;2;51;123;86m⣿[38;2;48;127;73m⣿[38;2;51;130;72m⣿[38;2;45;127;70m⣿[38;2;32;103;81m⣿[38;2;55;124;90m⣿[38;2;146;184;163m⣷[38;2;216;228;223m⠒[38;2;67;108;134m⢯[38;2;5;62;98m⣿[38;2;3;60;98m⣿[38;2;4;60;98m⣿[38;2;22;72;107m⣽[38;2;102;138;157m⣰[38;2;130;160;171m⣰[38;2;107;142;153m⣐[38;2;72;113;136m⣀[38;2;147;168;192m⣀                                                                [0m
         [38;2;103;138;159m⠪[38;2;28;84;94m⣿[38;2;61;112;103m⣿[38;2;182;211;124m⣿[38;2;145;184;116m⣿[38;2;20;75;99m⣿[38;2;67;122;115m⣰[38;2;105;142;156m⣐[38;2;56;102;129m⣠[38;2;36;83;117m⣿[38;2;3;59;98m⣿[38;2;3;60;98m⣿[38;2;9;66;98m⣿[38;2;36;87;100m⣿[38;2;107;154;125m⣹[38;2;93;151;104m⣼[38;2;95;156;102m⣾[38;2;92;156;98m⣿[38;2;65;140;73m⣿[38;2;71;151;68m⣿[38;2;76;160;64m⣿[38;2;78;166;61m⣿[38;2;77;165;60m⣿[38;2;74;163;60m⣿[38;2;72;161;59m⣿[38;2;69;159;58m⣿[38;2;67;155;60m⣿[38;2;64;142;78m⣿[38;2;66;111;125m⣽[38;2;133;161;177m⡐                                                             [0m
          [38;2;156;178;191m⢢[38;2;33;81;104m⣿[38;2;93;151;93m⣿[38;2;117;167;100m⣿[38;2;93;145;99m⣿[38;2;62;128;82m⣿[38;2;65;140;72m⣿[38;2;56;123;79m⣿[38;2;63;136;75m⣿[38;2;72;150;70m⣿[38;2;81;164;64m⣿[38;2;83;171;59m⣿[38;2;74;165;59m⣿[38;2;59;149;62m⣿[38;2;49;134;68m⣿[38;2;51;128;75m⣿[38;2;63;133;81m⣿[38;2;82;145;90m⣿[38;2;101;152;104m⣿[38;2;38;95;97m⣿[38;2;8;68;95m⣿[38;2;4;63;97m⣿[38;2;4;61;98m⣿[38;2;14;68;100m⣿[38;2;51;100;106m⣿[38;2;10;69;92m⣿[38;2;54;119;92m⣿[38;2;46;92;116m⠿[38;2;144;170;184m⠅                                                             [0m
          [38;2;139;166;181m⠂[38;2;40;85;111m⠯[38;2;58;125;93m⢿[38;2;57;132;83m⣿[38;2;46;127;71m⣿[38;2;45;127;71m⣿[38;2;43;124;72m⣿[38;2;39;117;75m⣿[38;2;39;112;81m⣿[38;2;49;115;88m⣿[38;2;59;115;97m⣿[38;2;63;114;106m⣿[38;2;77;122;113m⣿[38;2;112;147;135m⣿[38;2;108;152;121m⡿[38;2;124;157;133m⢿[38;2;100;135;132m⣿[38;2;52;99;114m⣿[38;2;21;73;106m⣿[38;2;5;62;98m⣿[38;2;3;59;96m⣿[38;2;4;61;97m⣿[38;2;4;62;98m⣿[38;2;4;62;98m⣿[38;2;4;61;97m⣿[38;2;66;105;133m⣷[38;2;140;167;183m⡀                                                               [0m
            [38;2;73;115;141m⢀[38;2;49;93;122m⣾[38;2;4;60;96m⣿[38;2;3;61;96m⣿[38;2;3;61;96m⣿[38;2;4;60;96m⣿[38;2;28;76;110m⡿[38;2;147;171;190m⠇[38;2;205;216;227m⠃        [38;2;209;219;225m⠂[38;2;156;178;192m⠃[38;2;63;106;133m⠫[38;2;13;66;101m⣿[38;2;3;61;97m⣿[38;2;3;60;97m⣿[38;2;4;61;97m⣿[38;2;32;81;113m⣿[38;2;65;102;130m⣐                                                              [0m
            [38;2;112;143;163m⠃[38;2;43;92;123m⠃[38;2;42;91;122m⠃[38;2;42;91;122m⠃[38;2;42;91;122m⠃[38;2;44;90;120m⠃[38;2;204;216;223m⠁             [38;2;56;100;128m⠂[38;2;42;91;121m⠃[38;2;42;91;122m⠃[38;2;42;91;122m⠃[38;2;42;91;122m⠃[38;2;41;88;120m⠃[38;2;208;218;225m⠁                                                             [0m
                                                                                                    
                                                                                                    